# LIWC2015 dictionary categories (in Japanese)
# liwc_cat_ja <- c(
#   "機能語", "代名詞", "人称代名詞", "一人称単数", "一人称複数",
#   "二人称", "三人称単数", "三人称複数", "不定代名詞", "格助詞",
#   "助動詞", "副詞", "接続詞", "否定詞", "動詞", "疑問詞",
#   "数詞", "数量詞・助数詞", "形容動詞", "連体詞",
#   "感情プロセス", "ポジティブ感情", "ネガティブ感情",
#   "不安", "怒り", "悲しみ", "社会的（相互作用）プロセス",
#   "家族", "友人", "女性", "男性", "認知プロセス", "洞察",
#   "原因", "不一致", "あいまいさ", "確かさ", "差別化",
#   "知覚プロセス", "視覚・知覚", "聴覚",
#   "感覚（触覚・味覚・嗅覚）", "生物学的プロセス", "身体",
#   "健康", "性", "摂取", "動因", "つながり", "達成",
#   "社会的地位・権力", "報酬", "リスク", "相対性", "動作",
#   "空間", "時間", "仕事・学業", "趣味・余暇", "家", "金銭",
#   "宗教", "死", "インフォーマル", "罵倒", "ネットスラング",
#   "うなずき", "間投詞", "フィラー"
# )
#
liwc_cat_ja <- c(
  "\u6a5f\u80fd\u8a9e",
  "\u4ee3\u540d\u8a5e",
  "\u4eba\u79f0\u4ee3\u540d\u8a5e",
  "\u4e00\u4eba\u79f0\u5358\u6570",
  "\u4e00\u4eba\u79f0\u8907\u6570",
  "\u4e8c\u4eba\u79f0",
  "\u4e09\u4eba\u79f0\u5358\u6570",
  "\u4e09\u4eba\u79f0\u8907\u6570",
  "\u4e0d\u5b9a\u4ee3\u540d\u8a5e",
  "\u683c\u52a9\u8a5e",
  "\u52a9\u52d5\u8a5e",
  "\u526f\u8a5e",
  "\u63a5\u7d9a\u8a5e",
  "\u5426\u5b9a\u8a5e",
  "\u52d5\u8a5e",
  "\u7591\u554f\u8a5e",
  "\u6570\u8a5e",
  "\u6570\u91cf\u8a5e\u30fb\u52a9\u6570\u8a5e",
  "\u5f62\u5bb9\u52d5\u8a5e",
  "\u9023\u4f53\u8a5e",
  "\u611f\u60c5\u30d7\u30ed\u30bb\u30b9",
  "\u30dd\u30b8\u30c6\u30a3\u30d6\u611f\u60c5",
  "\u30cd\u30ac\u30c6\u30a3\u30d6\u611f\u60c5",
  "\u4e0d\u5b89",
  "\u6012\u308a",
  "\u60b2\u3057\u307f",
  "\u793e\u4f1a\u7684\uff08\u76f8\u4e92\u4f5c\u7528\uff09\u30d7\u30ed\u30bb\u30b9",
  "\u5bb6\u65cf",
  "\u53cb\u4eba",
  "\u5973\u6027",
  "\u7537\u6027",
  "\u8a8d\u77e5\u30d7\u30ed\u30bb\u30b9",
  "\u6d1e\u5bdf",
  "\u539f\u56e0",
  "\u4e0d\u4e00\u81f4",
  "\u3042\u3044\u307e\u3044\u3055",
  "\u78ba\u304b\u3055",
  "\u5dee\u5225\u5316",
  "\u77e5\u899a\u30d7\u30ed\u30bb\u30b9",
  "\u8996\u899a\u30fb\u77e5\u899a",
  "\u8074\u899a",
  "\u611f\u899a\uff08\u89e6\u899a\u30fb\u5473\u899a\u30fb\u55c5\u899a\uff09",
  "\u751f\u7269\u5b66\u7684\u30d7\u30ed\u30bb\u30b9",
  "\u8eab\u4f53",
  "\u5065\u5eb7",
  "\u6027",
  "\u6442\u53d6",
  "\u52d5\u56e0",
  "\u3064\u306a\u304c\u308a",
  "\u9054\u6210",
  "\u793e\u4f1a\u7684\u5730\u4f4d\u30fb\u6a29\u529b",
  "\u5831\u916c",
  "\u30ea\u30b9\u30af",
  "\u76f8\u5bfe\u6027",
  "\u52d5\u4f5c",
  "\u7a7a\u9593",
  "\u6642\u9593",
  "\u4ed5\u4e8b\u30fb\u5b66\u696d",
  "\u8da3\u5473\u30fb\u4f59\u6687",
  "\u5bb6",
  "\u91d1\u92ad",
  "\u5b97\u6559",
  "\u6b7b",
  "\u30a4\u30f3\u30d5\u30a9\u30fc\u30de\u30eb",
  "\u7f75\u5012",
  "\u30cd\u30c3\u30c8\u30b9\u30e9\u30f3\u30b0",
  "\u3046\u306a\u305a\u304d",
  "\u9593\u6295\u8a5e",
  "\u30d5\u30a3\u30e9\u30fc"
)

# MeCab part-of-speech tags (in Japanese)
mecab_lookup <- c(
  "\u8a18\u53f7" = "symbol",
  "\u5f62\u5bb9\u8a5e" = "adj",
  "\u52a9\u8a5e" = "particle",
  "\u52a9\u52d5\u8a5e" = "auxverb",
  "\u63a5\u7d9a\u8a5e" = "conj",
  "\u63a5\u982d\u8a5e" = "prefix",
  "\u52d5\u8a5e" = "verb",
  "\u526f\u8a5e" = "adverb",
  "\u540d\u8a5e" = "noun",
  "\u9023\u4f53\u8a5e" = "preadj",
  "\u305d\u306e\u4ed6" = "others",
  "\u30d5\u30a3\u30e9\u30fc" = "filler",
  "\u611f\u52d5\u8a5e" = "interject"
)
